%This is the primary targets list
% NO. OF TARGETS: 103
%
%Name          HR     HD       RA         Dec        V Mag
%-----------   ----   ------   --------   ---------   ---
10 Cas            7      144   00 06 27   +64 11 46   5.6
kap Cas         130     2905   00 32 60   +62 55 54   4.2
omi Cas         193     4180   00 44 44   +48 17 04   4.5
gam Cas         264     5394   00 56 43   +60 43 00   2.4
                        6343   01 05 53   +65 50 16   7.3
phi And         335     6811   01 09 30   +47 14 30   4.3
phi Per         496    10516   01 43 40   +50 41 19   4.1
V777 Cas               11606   01 55 43   +59 16 24   7.0
V801 Cas               19243   03 08 54   +62 23 05   6.5
BK Cam          985    20336   03 19 59   +65 39 08   4.7
               1047    21455   03 29 26   +46 56 16   6.2
psi Per        1087    22192   03 36 29   +48 11 34   4.3
17 Tau         1142    23302   03 44 53   +24 06 48   3.7
23 Tau         1156    23480   03 46 20   +23 56 54   4.1
               1160    23552   03 48 18   +50 44 12   6.2
eta Tau        1165    23630   03 47 29   +24 06 19   2.9
28 Tau         1180    23862   03 49 11   +24 08 12   5.1
X Per          1209    24534   03 55 23   +31 02 45   6.1
47 Per         1261    25642   04 06 35   +50 21 05   4.3
48 Per         1273    25940   04 08 40   +47 42 45   4.0
228 Eri        1423    28497   04 29 07   -13 02 54   5.6
56 Eri         1508    30076   04 44 05   -08 30 13   5.8
11 Cam         1622    32343   05 06 09   +58 58 21   5.2
105 Tau        1660    32991   05 07 55   +21 42 17   5.8
lam Eri        1679    33328   05 09 09   -08 45 15   4.2
25 Ori         1789    35439   05 24 45   +01 50 47   4.9
120 Tau        1858    36576   05 33 32   +18 32 25   5.7
eps Ori        1903    37128   05 36 13   -01 12 07   1.7
zet Tau        1910    37202   05 37 39   +21 08 33   3.0
ome Ori        1934    37490   05 39 11   +04 07 17   4.5
62 Ori         2135    41117   06 03 55   +20 08 18   4.6
17 Lep         2148    41511   06 04 59   -16 29 04   5.0
FR CMa         2284    44458   06 21 25   -11 46 24   5.5
PZ Gem                 45314   06 27 16   +14 53 21   6.6
nu Gem         2343    45542   06 28 58   +20 12 44   4.1
FS CMa                 45677   06 28 17   -13 03 11   8.5
               2370    45995   06 31 10   +11 15 05   6.1
               2418    47054   06 36 35   -05 12 40   5.6
kap CMa        2538    50013   06 49 51   -32 30 31   3.5
V742 Mon               50083   06 51 45   +05 05 03   6.9
MWC 158                50138   06 51 33   -06 57 59   6.7
MWC 166                53367   07 04 26   -10 27 16   7.0
ome CMa        2749    56139   07 14 49   -26 46 22   4.0
OT Gem         2817    58050   07 24 28   +15 31 02   6.5
FW CMa         2825    58343   07 24 40   -16 12 05   5.2
bet CMi        2845    58715   07 27 09   +08 17 22   2.9
FY CMa         2855    58978   07 26 60   -23 05 10   5.6
omi Pup        3034    63462   07 48 05   -25 56 14   4.5
v695 Mon       3135    65875   08 00 44   -02 52 55   6.4
r Pup          3237    68980   08 13 30   -35 53 58   4.8
I Hya          3858    83953   09 41 17   -23 35 30   4.8
OY Hya         3946    86612   09 59 06   -23 57 03   6.2
               4123    91120   10 30 60   -13 35 19   5.6
5 Crv          4696   107348   12 20 34   -22 12 57   5.2
kap Dra        4787   109387   12 33 29   +69 47 18   3.9
                      141569   15 49 58   -03 55 16   7.0
4 Her          5938   142926   15 55 31   +42 33 58   5.7
48 Lib         5941   142983   15 58 11   -14 16 46   4.9
del Sco        5953   143275   16 00 20   -22 37 18   2.3
chi Oph        6118   148184   16 27 01   -18 27 23   4.4
V1075 Sco      6397   155806   17 15 19   -33 32 54   5.6
51 Oph         6519   158643   17 31 25   -23 57 46   4.8
               6664   162732   17 50 03   +48 23 39   6.8
MWC 275               163296   17 56 21   -21 57 22   6.9
66 Oph         6712   164284   18 00 16   +04 22 07   4.8
                      164906   18 04 26   -24 23 08   7.5
omi Her        6779   166014   18 07 33   +28 45 45   3.8
4 Aql          7040   173370   18 44 50   +02 03 36   5.0
bet Lyr        7106   174638   18 50 05   +33 21 46   3.5
V4024 Sgr      7249   178175   19 08 16   -19 17 25   5.6
MWC 614               179218   19 11 11   +15 47 15   7.2
ups Sgr        7342   181615   19 21 44   -15 57 18   4.6
V558 Lyr       7403   183362   19 27 36   +37 56 28   6.3
v923 Aql       7415   183656   19 30 33   +03 26 40   6.1
bet02 Cyg      7418   183914   19 30 45   +27 57 55   5.1
v1294 Aql             184279   19 33 37   +03 45 41   7.0
v1339 Aql      7554   187567   19 50 18   +07 54 09   6.5
12 Vol         7565   187811   19 51 04   +22 36 36   4.9
28 Cyg         7708   191610   20 09 27   +36 50 23   4.9
QR Vul         7739   192685   20 15 16   +25 35 31   4.8
                      193182   20 17 25   +39 35 37   6.5
P Cyg          7763   193237   20 17 47   +38 01 59   4.8
25 Vul         7789   193911   20 22 03   +24 26 46   5.5
v2119 Cyg      7807   194335   20 23 44   +37 28 35   5.9
1 Del          7836   195325   20 30 18   +10 53 45   6.0
lam Cyg        7963   198183   20 47 25   +36 29 27   4.6
59 Cyg         8047   200120   20 59 50   +47 31 15   4.7
60 Cyg         8053   200310   21 01 11   +46 09 21   5.4
ups Cyg        8146   202904   21 17 55   +34 53 49   4.4
                      203374   21 19 07   +61 51 30   6.7
v382 Cep       8171   203467   21 19 22   +64 52 19   5.2
eps Cap        8260   205637   21 37 05   -19 27 58   4.5
                      206773   21 42 24   +57 44 10   6.9
omi Aqr        8402   209409   22 03 19   -02 09 19   4.7
25 Peg         8438   210129   22 07 50   +21 42 11   5.8
31 Peg         8520   212076   22 21 31   +12 12 19   4.8
pi Aqr         8539   212571   22 25 17   +01 22 39   4.8
EW Lac         8731   217050   22 57 05   +48 41 03   5.3
omi And        8762   217675   23 01 55   +42 19 34   3.6
bet Psc        8773   217891   23 03 53   +03 49 12   4.5
psi02 Aqr      8858   219688   23 17 54   -09 10 57   4.4
LQ And         9070   224559   23 58 46   +46 24 47   6.6
2 Cet          9098   225132   00 03 44   -17 20 10   4.6
% This is the secondary targets list
% NO. OF TARGETS: 88
%
%Name          HR     HD       RA         Dec        V Mag
%-----------   ----   ------   --------   ---------   ---
                        6226   01 03 53   +47 38 32   6.8
alf Eri         472    10144   01 37 43   -57 14 12   0.5
                       14850   02 23 01   -29 37 10   8.4
                       20340   03 15 46   -16 49 44   8.0
               1056    21620   03 31 29   +49 12 35   6.3
               1113    22780   03 41 08   +37 34 49   5.5
del Per        1122    22928   03 42 55   +47 47 15   3.0
               1204    24479   03 57 26   +63 04 20   4.9
46 Per         1228    24912   03 58 58   +35 47 28   4.0
v1150 Tau              29441   04 38 36   +08 10 31   7.6
               1500    29866   04 44 13   +40 47 11   6.1
alf Cam        1542    30614   04 54 03   +66 20 34   4.3
103 Tau        1659    32990   05 08 07   +24 15 55   5.5
AN Col         1772    35165   05 21 17   -34 20 42   6.1
eta Ori        1788    35411   05 24 29   -02 23 50   3.4
               1847    36408   05 32 14   +17 03 29   5.5
alf Col        1956    37795   05 39 39   -34 04 27   2.6
v731 Tau       1961    37967   05 43 20   +23 12 16   6.2
v1165 Tau              38010   05 43 39   +25 26 22   6.8
                       38120   05 43 12   -04 59 50   9.1
v696 Mon       2142    41335   06 04 14   -06 42 32   5.2
               2170    42054   06 07 04   -34 18 43   5.8
beta Mon       2356    45725   06 28 49   -07 01 59   3.8
10 CMa         2492    48917   06 44 28   -31 04 14   5.2
HZ CMa         2545    50123   06 50 23   -31 42 22   5.7
FV CMa         2690    54309   07 07 23   -23 50 27   5.7
27 CMa         2745    56014   07 14 15   -26 21 09   4.7
NV Pup         2787    57150   07 18 18   -36 44 02   4.7
               2806    57682   07 22 02   -08 58 46   6.4
z Pup          2911    60606   07 33 51   -36 20 18   5.4
v378 Pup       2921    60855   07 36 04   -14 29 34   5.7
v374 Car       3147    66194   07 58 51   -60 49 28   5.8
v375 Car       3186    67536   08 04 43   -62 50 11   6.2
PQ Pup         3195    67888   08 08 38   -37 40 52   6.4
               3356    72067   08 29 08   -44 09 38   5.8
v344 Car       3498    75311   08 46 43   -56 46 11   4.5
                       76868   08 58 59   +03 39 22   8.0
               3971    87543   10 03 34   -61 53 03   6.2
QY Car         4009    88661   10 11 47   -58 03 38   5.8
               4018    88825   10 13 01   -59 55 05   6.1
ome Car        4037    89080   10 13 44   -70 02 17   3.3
MV Vel         4074    89890   10 20 55   -56 02 36   4.5
p Car          4140    91465   10 32 02   -61 41 07   3.4
               4221    93563   10 46 58   -56 45 26   5.2
A Cen          4460   100673   11 34 46   -54 15 51   4.6
j Cen          4537   102776   11 49 41   -63 47 19   4.3
v863 Cen       4618   105382   12 08 05   -50 39 41   4.5
del Cen        4621   105435   12 08 22   -50 43 21   2.6
               4804   109857   12 39 15   -75 22 14   6.5
39 Cru         4823   110335   12 41 57   -59 41 09   4.9
BZ Cru         4830   110432   12 42 50   -63 03 31   5.3
lam Cru        4897   112078   12 54 39   -59 08 48   4.6
mu02 Cru       4899   112091   12 54 37   -57 10 07   5.1
LS Mus         4930   113120   13 03 05   -71 28 33   6.0
                      118246   13 35 43   -06 09 22   8.0
mu Cen         5193   120324   13 49 37   -42 28 25   3.5
v767 Cen       5223   120991   13 53 57   -47 07 41   5.8
v795 Cen       5316   124367   14 14 57   -57 05 10   5.0
                      127617   14 32 00   +18 46 01   8.7
eta Cen        5440   127972   14 35 30   -42 09 28   2.3
tet Cir        5551   131492   14 56 44   -62 46 52   5.1
kap Lup        5646   134481   15 11 56   -48 44 16   3.9
               5661   135160   15 16 37   -60 54 14   5.7
mu Lup         5683   135734   15 18 32   -47 52 31   4.3
kap01 Aps      5730   137387   15 31 31   -73 23 23   5.5
tet CrB        5778   138749   15 32 56   +31 21 33   4.2
V1040 Sco      5907   142184   15 53 56   -23 58 41   5.4
zet01 Sco      6262   152236   16 53 58   -42 21 43   4.8
v846 Ara       6274   152478   16 56 09   -50 40 29   6.3
v828 Ara       6304   153261   17 01 47   -58 57 30   6.1
iot Ara        6451   157042   17 23 16   -47 28 06   5.2
alp Ara        6510   158427   17 31 51   -49 52 34   2.8
GT Dra                161711   17 39 51   +72 57 53   8.2
QV Tel         6819   167128   18 17 08   -56 01 24   5.3
NW Ser         6873   168797   18 21 28   +05 26 09   6.1
v4031 Sgr      6929   170235   18 29 22   -25 15 24   6.6
CX Dra         7084   174237   18 46 43   +52 59 17   5.9
25 Cyg         7647   189687   19 59 55   +37 02 34   5.1
v2136 Cyg      7983   198625   20 49 55   +46 39 41   6.3
68 Cyg         8154   203064   21 18 27   +43 56 45   5.0
                      203699   21 23 35   +14 03 01   6.9
bet Cep        8238   205021   21 28 40   +70 33 39   3.2
               8375   208682   21 55 31   +65 19 15   5.9
VV PsA                208886   21 59 56   -31 31 33   7.1
eta PsA        8386   209014   22 00 50   -28 27 14   5.6
eps PsA        8628   214748   22 40 39   -27 02 37   4.2
14 Lac         8690   216200   22 50 22   +41 57 12   5.9
eps Tuc        9076   224686   23 59 55   -65 34 38   4.5
%This is the calibrator targets list which also includes various
%targets for collaborators.
% NO. OF TARGETS: 41
%
%Name          HR     HD       RA         Dec        V Mag
%-----------   ----   ------   --------   ---------   ---
tet And          63     1280   00 17 06   +38 40 54   4.6
zet Cas         153     3360   00 36 58   +53 53 49   3.7
eps Cas         542    11415   01 54 24   +63 40 12   3.3
pi Cet          811    17081   02 44 07   -13 51 31   4.2
bet Per         936    19356   03 08 10   +40 57 20   2.1
BD Cam         1105    22649   03 42 09   +63 13 01   5.1
19 Tau         1145    23338   03 45 12   +24 28 02   4.3
20 Tau         1149    23408   03 45 50   +24 22 04   3.9
27 Tau         1178    23850   03 49 10   +24 03 12   3.6
eps Per        1220    24760   03 57 51   +40 00 37   2.9
AB Aur                 31293   04 55 46   +30 33 04   7.1
MWC 480                31648   04 58 46   +29 50 37   7.6
eps Aur        1605    31964   05 01 58   +43 49 24   3.0
iot Tau        1620    32301   05 03 06   +21 35 24   4.6
eta Aur        1641    32630   05 06 31   +41 14 04   3.2
mu Lep         1702    33904   05 12 56   -16 12 20   3.3
Rigel          1713    34085   05 14 32   -08 12 06   0.1
gam Ori        1790    35468   05 25 08   +06 20 59   1.6
tet01 Ori C    1895    37022   05 35 17   -05 23 23   5.1
lam Gem        2763    56537   07 18 06   +16 32 25   3.6
bet Gem        2990    62509   07 45 19   +28 01 34   1.2
93 Leo         4527   102509   11 47 59   +20 13 08   4.5
del UMa        4660   106591   12 15 26   +57 01 57   3.3
ome Sco        5993   144470   16 06 48   -20 40 09   3.9
phi Her        6023   145389   16 08 46   +44 56 06   4.2
psi Sco        6031   145570   16 11 60   -10 03 51   4.9
zet Oph        6175   149757   16 37 10   -10 34 02   2.6
62 Oph         6629   161868   17 47 54   +02 42 26   3.8
4 Sgr          6700   163955   17 59 48   -23 48 58   4.7
67 Oph         6714   164353   18 00 39   +02 55 54   4.0
gam Lyr        7178   176437   18 58 57   +32 41 22   3.2
               7291   179949   19 15 33   -24 10 46   6.3
29 Cyg         7736   192640   20 14 32   +36 48 23   5.0
41 Cyg         7834   195295   20 29 24   +30 22 07   4.0
sig Cyg        8143   202850   21 17 25   +39 23 41   4.3
VV Cep         8383   208816   21 56 39   +63 37 32   5.2
iot Aqr        8418   209819   22 06 26   -13 52 11   4.3
zet02 Aqr      8559   213052   22 28 50   -00 01 12   4.4
eta Aqr        8597   213998   22 35 21   -00 07 03   4.0
zet Peg        8634   214923   22 41 27   +10 49 53   3.4
kap And        8976   222439   23 40 25   +44 20 02   4.1
