%This is the primary targets list
% NO. OF TARGETS: 103
%
%Name          HR     HD       RA         Dec        V Mag
%-----------   ----   ------   --------   ---------   ---
10 Cas            7      144   00 06 27   +64 11 46   5.6
kap Cas         130     2905   00 32 60   +62 55 54   4.2
omi Cas         193     4180   00 44 44   +48 17 04   4.5
gam Cas         264     5394   00 56 43   +60 43 00   2.4
                        6343   01 05 53   +65 50 16   7.3
phi And         335     6811   01 09 30   +47 14 30   4.3
phi Per         496    10516   01 43 40   +50 41 19   4.1
V777 Cas               11606   01 55 43   +59 16 24   7.0
V801 Cas               19243   03 08 54   +62 23 05   6.5
BK Cam          985    20336   03 19 59   +65 39 08   4.7
               1047    21455   03 29 26   +46 56 16   6.2
psi Per        1087    22192   03 36 29   +48 11 34   4.3
17 Tau         1142    23302   03 44 53   +24 06 48   3.7
23 Tau         1156    23480   03 46 20   +23 56 54   4.1
               1160    23552   03 48 18   +50 44 12   6.2
eta Tau        1165    23630   03 47 29   +24 06 19   2.9
28 Tau         1180    23862   03 49 11   +24 08 12   5.1
X Per          1209    24534   03 55 23   +31 02 45   6.1
47 Per         1261    25642   04 06 35   +50 21 05   4.3
48 Per         1273    25940   04 08 40   +47 42 45   4.0
228 Eri        1423    28497   04 29 07   -13 02 54   5.6
56 Eri         1508    30076   04 44 05   -08 30 13   5.8
11 Cam         1622    32343   05 06 09   +58 58 21   5.2
105 Tau        1660    32991   05 07 55   +21 42 17   5.8
lam Eri        1679    33328   05 09 09   -08 45 15   4.2
25 Ori         1789    35439   05 24 45   +01 50 47   4.9
120 Tau        1858    36576   05 33 32   +18 32 25   5.7
eps Ori        1903    37128   05 36 13   -01 12 07   1.7
zet Tau        1910    37202   05 37 39   +21 08 33   3.0
ome Ori        1934    37490   05 39 11   +04 07 17   4.5
62 Ori         2135    41117   06 03 55   +20 08 18   4.6
17 Lep         2148    41511   06 04 59   -16 29 04   5.0
FR CMa         2284    44458   06 21 25   -11 46 24   5.5
PZ Gem                 45314   06 27 16   +14 53 21   6.6
nu Gem         2343    45542   06 28 58   +20 12 44   4.1
FS CMa                 45677   06 28 17   -13 03 11   8.5
               2370    45995   06 31 10   +11 15 05   6.1
               2418    47054   06 36 35   -05 12 40   5.6
kap CMa        2538    50013   06 49 51   -32 30 31   3.5
V742 Mon               50083   06 51 45   +05 05 03   6.9
MWC 158                50138   06 51 33   -06 57 59   6.7
MWC 166                53367   07 04 26   -10 27 16   7.0
ome CMa        2749    56139   07 14 49   -26 46 22   4.0
OT Gem         2817    58050   07 24 28   +15 31 02   6.5
FW CMa         2825    58343   07 24 40   -16 12 05   5.2
bet CMi        2845    58715   07 27 09   +08 17 22   2.9
FY CMa         2855    58978   07 26 60   -23 05 10   5.6
omi Pup        3034    63462   07 48 05   -25 56 14   4.5
v695 Mon       3135    65875   08 00 44   -02 52 55   6.4
r Pup          3237    68980   08 13 30   -35 53 58   4.8
I Hya          3858    83953   09 41 17   -23 35 30   4.8
OY Hya         3946    86612   09 59 06   -23 57 03   6.2
               4123    91120   10 30 60   -13 35 19   5.6
5 Crv          4696   107348   12 20 34   -22 12 57   5.2
kap Dra        4787   109387   12 33 29   +69 47 18   3.9
                      141569   15 49 58   -03 55 16   7.0
4 Her          5938   142926   15 55 31   +42 33 58   5.7
48 Lib         5941   142983   15 58 11   -14 16 46   4.9
del Sco        5953   143275   16 00 20   -22 37 18   2.3
chi Oph        6118   148184   16 27 01   -18 27 23   4.4
V1075 Sco      6397   155806   17 15 19   -33 32 54   5.6
51 Oph         6519   158643   17 31 25   -23 57 46   4.8
               6664   162732   17 50 03   +48 23 39   6.8
MWC 275               163296   17 56 21   -21 57 22   6.9
66 Oph         6712   164284   18 00 16   +04 22 07   4.8
                      164906   18 04 26   -24 23 08   7.5
omi Her        6779   166014   18 07 33   +28 45 45   3.8
4 Aql          7040   173370   18 44 50   +02 03 36   5.0
bet Lyr        7106   174638   18 50 05   +33 21 46   3.5
V4024 Sgr      7249   178175   19 08 16   -19 17 25   5.6
MWC 614               179218   19 11 11   +15 47 15   7.2
ups Sgr        7342   181615   19 21 44   -15 57 18   4.6
V558 Lyr       7403   183362   19 27 36   +37 56 28   6.3
v923 Aql       7415   183656   19 30 33   +03 26 40   6.1
bet02 Cyg      7418   183914   19 30 45   +27 57 55   5.1
v1294 Aql             184279   19 33 37   +03 45 41   7.0
v1339 Aql      7554   187567   19 50 18   +07 54 09   6.5
12 Vul         7565   187811   19 51 04   +22 36 36   4.9
28 Cyg         7708   191610   20 09 27   +36 50 23   4.9
QR Vul         7739   192685   20 15 16   +25 35 31   4.8
                      193182   20 17 25   +39 35 37   6.5
P Cyg          7763   193237   20 17 47   +38 01 59   4.8
25 Vul         7789   193911   20 22 03   +24 26 46   5.5
v2119 Cyg      7807   194335   20 23 44   +37 28 35   5.9
1 Del          7836   195325   20 30 18   +10 53 45   6.0
lam Cyg        7963   198183   20 47 25   +36 29 27   4.6
59 Cyg         8047   200120   20 59 50   +47 31 15   4.7
60 Cyg         8053   200310   21 01 11   +46 09 21   5.4
ups Cyg        8146   202904   21 17 55   +34 53 49   4.4
                      203374   21 19 07   +61 51 30   6.7
v382 Cep       8171   203467   21 19 22   +64 52 19   5.2
eps Cap        8260   205637   21 37 05   -19 27 58   4.5
                      206773   21 42 24   +57 44 10   6.9
omi Aqr        8402   209409   22 03 19   -02 09 19   4.7
25 Peg         8438   210129   22 07 50   +21 42 11   5.8
31 Peg         8520   212076   22 21 31   +12 12 19   4.8
pi Aqr         8539   212571   22 25 17   +01 22 39   4.8
EW Lac         8731   217050   22 57 05   +48 41 03   5.3
omi And        8762   217675   23 01 55   +42 19 34   3.6
bet Psc        8773   217891   23 03 53   +03 49 12   4.5
psi02 Aqr      8858   219688   23 17 54   -09 10 57   4.4
LQ And         9070   224559   23 58 46   +46 24 47   6.6
2 Cet          9098   225132   00 03 44   -17 20 10   4.6
