% This is the secondary targets list
% NO. OF TARGETS: 88
%
%Name          HR     HD       RA         Dec        V Mag
%-----------   ----   ------   --------   ---------   ---
                        6226   01 03 53   +47 38 32   6.8
alf Eri         472    10144   01 37 43   -57 14 12   0.5
                       14850   02 23 01   -29 37 10   8.4
                       20340   03 15 46   -16 49 44   8.0
               1056    21620   03 31 29   +49 12 35   6.3
               1113    22780   03 41 08   +37 34 49   5.5
del Per        1122    22928   03 42 55   +47 47 15   3.0
               1204    24479   03 57 26   +63 04 20   4.9
46 Per         1228    24912   03 58 58   +35 47 28   4.0
v1150 Tau              29441   04 38 36   +08 10 31   7.6
               1500    29866   04 44 13   +40 47 11   6.1
alf Cam        1542    30614   04 54 03   +66 20 34   4.3
103 Tau        1659    32990   05 08 07   +24 15 55   5.5
AN Col         1772    35165   05 21 17   -34 20 42   6.1
eta Ori        1788    35411   05 24 29   -02 23 50   3.4
               1847    36408   05 32 14   +17 03 29   5.5
alf Col        1956    37795   05 39 39   -34 04 27   2.6
v731 Tau       1961    37967   05 43 20   +23 12 16   6.2
v1165 Tau              38010   05 43 39   +25 26 22   6.8
                       38120   05 43 12   -04 59 50   9.1
v696 Mon       2142    41335   06 04 14   -06 42 32   5.2
               2170    42054   06 07 04   -34 18 43   5.8
bet01 Mon      2356    45725   06 28 49   -07 01 59   3.8
10 CMa         2492    48917   06 44 28   -31 04 14   5.2
HZ CMa         2545    50123   06 50 23   -31 42 22   5.7
FV CMa         2690    54309   07 07 23   -23 50 27   5.7
27 CMa         2745    56014   07 14 15   -26 21 09   4.7
NV Pup         2787    57150   07 18 18   -36 44 02   4.7
               2806    57682   07 22 02   -08 58 46   6.4
z Pup          2911    60606   07 33 51   -36 20 18   5.4
v378 Pup       2921    60855   07 36 04   -14 29 34   5.7
v374 Car       3147    66194   07 58 51   -60 49 28   5.8
v375 Car       3186    67536   08 04 43   -62 50 11   6.2
PQ Pup         3195    67888   08 08 38   -37 40 52   6.4
               3356    72067   08 29 08   -44 09 38   5.8
v344 Car       3498    75311   08 46 43   -56 46 11   4.5
                       76868   08 58 59   +03 39 22   8.0
               3971    87543   10 03 34   -61 53 03   6.2
QY Car         4009    88661   10 11 47   -58 03 38   5.8
               4018    88825   10 13 01   -59 55 05   6.1
ome Car        4037    89080   10 13 44   -70 02 17   3.3
MV Vel         4074    89890   10 20 55   -56 02 36   4.5
p Car          4140    91465   10 32 02   -61 41 07   3.4
               4221    93563   10 46 58   -56 45 26   5.2
A Cen          4460   100673   11 34 46   -54 15 51   4.6
j Cen          4537   102776   11 49 41   -63 47 19   4.3
v863 Cen       4618   105382   12 08 05   -50 39 41   4.5
del Cen        4621   105435   12 08 22   -50 43 21   2.6
               4804   109857   12 39 15   -75 22 14   6.5
39 Cru         4823   110335   12 41 57   -59 41 09   4.9
BZ Cru         4830   110432   12 42 50   -63 03 31   5.3
lam Cru        4897   112078   12 54 39   -59 08 48   4.6
mu02 Cru       4899   112091   12 54 37   -57 10 07   5.1
LS Mus         4930   113120   13 03 05   -71 28 33   6.0
                      118246   13 35 43   -06 09 22   8.0
mu Cen         5193   120324   13 49 37   -42 28 25   3.5
v767 Cen       5223   120991   13 53 57   -47 07 41   5.8
v795 Cen       5316   124367   14 14 57   -57 05 10   5.0
                      127617   14 32 00   +18 46 01   8.7
eta Cen        5440   127972   14 35 30   -42 09 28   2.3
tet Cir        5551   131492   14 56 44   -62 46 52   5.1
kap Lup        5646   134481   15 11 56   -48 44 16   3.9
               5661   135160   15 16 37   -60 54 14   5.7
mu Lup         5683   135734   15 18 32   -47 52 31   4.3
kap01 Aps      5730   137387   15 31 31   -73 23 23   5.5
tet CrB        5778   138749   15 32 56   +31 21 33   4.2
V1040 Sco      5907   142184   15 53 56   -23 58 41   5.4
zet01 Sco      6262   152236   16 53 58   -42 21 43   4.8
v846 Ara       6274   152478   16 56 09   -50 40 29   6.3
v828 Ara       6304   153261   17 01 47   -58 57 30   6.1
iot Ara        6451   157042   17 23 16   -47 28 06   5.2
alp Ara        6510   158427   17 31 51   -49 52 34   2.8
GT Dra                161711   17 39 51   +72 57 53   8.2
QV Tel         6819   167128   18 17 08   -56 01 24   5.3
NW Ser         6873   168797   18 21 28   +05 26 09   6.1
v4031 Sgr      6929   170235   18 29 22   -25 15 24   6.6
CX Dra         7084   174237   18 46 43   +52 59 17   5.9
25 Cyg         7647   189687   19 59 55   +37 02 34   5.1
v2136 Cyg      7983   198625   20 49 55   +46 39 41   6.3
68 Cyg         8154   203064   21 18 27   +43 56 45   5.0
                      203699   21 23 35   +14 03 01   6.9
bet Cep        8238   205021   21 28 40   +70 33 39   3.2
               8375   208682   21 55 31   +65 19 15   5.9
VV PsA                208886   21 59 56   -31 31 33   7.1
eta PsA        8386   209014   22 00 50   -28 27 14   5.6
eps PsA        8628   214748   22 40 39   -27 02 37   4.2
14 Lac         8690   216200   22 50 22   +41 57 12   5.9
eps Tuc        9076   224686   23 59 55   -65 34 38   4.5
